version https://git-lfs.github.com/spec/v1
oid sha256:d26be4b662bf08828eee6de7d82b5894bd41bd5f5a6788c571c9c933140e1d1d
size 36432
